-0.798692 -0.454381
-0.857034 -0.305696
-0.610998 -0.404792
-0.636463 -0.636761
-0.941769 -0.072015
-0.615230 -0.002397
-0.923895 -0.131030
-0.810710 -0.492881
-0.590554 -0.406707
-0.967892 -0.151331
-0.522728 -0.715841
-0.821561 -0.488209
-0.962793 -0.005380
-0.534579 -0.693863
-0.646772 0.000842
-0.740392 -0.539963
-0.813923 -0.464033
-0.712343 -0.671159
-0.902213 -0.004675
-0.854437 -0.257338
-0.602612 -0.580377
-0.821225 -0.366601
-0.556874 -0.399262
-0.631804 -0.773709
-0.527528 -0.398314
-0.788011 -0.040613
-0.791828 -0.493871
-0.771013 -0.154061
-0.501714 -0.851991
-0.769479 -0.392044
-0.793707 -0.003362
-0.559472 -0.255677
-0.743537 -0.128823
-0.639376 -0.326545
-0.741860 -0.516471
-0.691004 -0.090556
-0.697423 -0.704590
-0.551418 -0.399077
-0.562086 -0.081625
-0.574080 -0.289934
