0.035114 -0.941056
0.103157 -0.878622
0.244286 -0.860436
0.275738 -0.639500
-0.432250 -0.872173
-0.242428 -0.910201
0.188130 -0.700687
0.292642 -0.602716
0.381179 -0.684234
0.476811 -0.838014
-0.355781 -0.925522
0.457757 -0.692298
0.458867 -0.681728
0.425347 -0.574380
-0.253114 -0.941989
-0.139475 -0.862613
-0.086961 -0.955554
0.418854 -0.622194
-0.056000 -0.767606
0.025241 -0.811916
0.227028 -0.585799
0.234030 -0.581705
0.002536 -0.682718
0.279481 -0.876430
-0.140224 -0.931617
0.009657 -0.628805
-0.066546 -0.870406
-0.069493 -0.962318
0.158417 -0.742835
0.271186 -0.834571
0.030428 -0.854661
0.082489 -0.880219
0.016999 -0.663438
-0.362647 -0.897927
0.438927 -0.755527
0.007907 -0.971177
-0.238776 -0.872109
-0.235773 -0.869333
-0.132614 -0.908726
0.022276 -0.778438
0.065025 -0.615964
-0.114712 -0.805487
0.092612 -0.580550
0.224202 -0.544387
0.348929 -0.733987
0.283531 -0.674393
0.274252 -0.578074
-0.400356 -0.838083
-0.100252 -0.723379
0.235714 -0.789475
-0.038599 -0.961305
0.481780 -0.640735
0.317968 -0.912144
0.310291 -0.513374
0.091318 -0.626236
-0.337533 -0.871568
0.357049 -0.537415
-0.018037 -0.969512
0.133136 -0.617635
0.474128 -0.782832
0.023712 -0.817957
0.191390 -0.566374
0.275504 -0.686309
0.338360 -0.930875
-0.102751 -0.855910
0.425532 -0.824522
-0.231126 -0.935053
-0.019488 -0.703781
-0.211840 -0.900893
0.077733 -0.932183
