-0.777884 -0.467043
0.603864 -0.586613
-0.905819 -0.126306
0.102682 0.292625
0.372903 -0.436234
0.123182 -0.032888
0.244247 -0.064586
0.083078 -0.832165
-0.791039 -0.419405
0.514747 -0.230749
0.177209 0.218206
0.472295 -0.543988
0.182835 0.317895
0.109010 -0.020123
0.406234 0.047012
-0.539548 -0.493486
-0.499429 -0.355564
-0.234628 -0.409419
-0.017566 -0.334944
-0.658033 -0.312989
-0.474306 -0.807265
0.658048 -0.551873
0.330243 -0.942513
-0.367341 -0.050563
-0.198372 -0.016680
-0.258086 -0.231582
-0.763072 -0.438189
0.166920 -0.843067
-0.708850 -0.627050
-0.447406 -0.496379
-0.244575 -0.002442
-0.941180 -0.027989
-0.751158 -0.601842
-0.345947 -0.034330
-0.192292 -0.738580
-0.014946 -0.007887
0.149971 -0.963546
0.207186 0.342510
-0.697444 -0.044591
-0.229072 -0.270101
-0.090335 -0.095745
-0.282527 -0.226702
-0.613656 -0.453109
-0.692847 -0.036317
0.326809 -0.319262
-0.154528 0.123184
0.112714 -0.393392
0.363225 -0.146459
-0.284498 -0.351925
-0.143514 -0.072659
0.178502 0.049681
0.015185 -0.451647
-0.177405 0.298129
-0.178109 -0.575542
0.540598 -0.802752
-0.337330 -0.779355
-0.857980 -0.075845
-0.325731 -0.630792
-0.226932 -0.344915
0.274407 -0.749391
0.328703 -0.510112
0.373382 -0.192663
0.330958 0.285157
-0.507442 0.032894
-0.030311 -0.292381
0.366900 -0.684740
0.004519 -0.452018
-0.511237 0.384200
-0.225092 -0.836298
-0.671800 -0.091713
-0.415922 -0.233338
-0.242092 -0.111618
-0.213911 -0.416916
-0.712102 -0.526898
-0.424440 -0.196496
-0.686538 -0.710532
-0.146155 -0.972149
-0.643599 -0.329476
-0.362612 -0.576619
0.277273 -0.815296
-0.889274 -0.043442
0.106246 -0.972754
-0.031925 -0.590860
0.110648 -0.566705
-0.075215 -0.227740
-0.195637 -0.898178
-0.300586 -0.864292
0.228655 -0.789063
-0.681028 0.015692
-0.709854 -0.623180
-0.109315 -0.227015
-0.576898 -0.206148
0.444072 -0.706065
-0.251180 -0.856664
-0.477415 -0.871520
0.048466 -0.737607
-0.202141 -0.167009
0.281053 -0.657074
-0.762330 -0.269321
-0.667616 -0.730803
-0.750784 -0.130316
-0.827650 -0.239644
-0.468968 -0.026290
0.143775 -0.526211
-0.117646 -0.640933
-0.130948 -0.893844
0.228211 -0.755795
-0.343545 -0.565357
-0.327635 -0.158725
0.203466 -0.816127
-0.028411 -0.462161
-0.636117 -0.574944
-0.398650 -0.386796
-0.370965 -0.244610
-0.872647 -0.053173
-0.760337 0.002175
-0.356979 -0.479696
-0.793192 -0.235520
-0.240393 -0.618090
-0.841630 -0.350638
-0.558546 -0.523114
-0.975385 -0.020635
0.146199 -0.544639
-0.801113 -0.243136
-0.711350 -0.526118
-0.681319 -0.133529
-0.610227 -0.538901
-0.273808 -0.364143
0.223121 -0.416889
0.110204 -0.489231
-0.287121 -0.294916
-0.012595 -0.442150
0.020185 -0.218879
-0.619124 -0.091935
-0.799465 -0.447008
-0.517786 -0.476722
-0.717176 -0.112580
-0.522914 -0.033511
-0.334161 -0.323588
-0.429720 -0.762516
-0.239257 -0.680926
-0.490859 -0.157694
-0.218962 -0.406072
-0.549283 -0.580215
-0.720963 -0.089617
-0.372475 -0.277789
-0.718741 -0.035060
-0.352176 -0.189903
0.096854 -0.344673
-0.654476 0.001375
-0.209816 -0.329510
-0.035802 -0.627720
-0.160851 -0.076639
-0.055076 -0.427330
-0.246226 -0.553065
-0.554386 -0.066882
-0.653085 -0.084837
-0.390099 -0.795891
-0.501086 -0.578069
0.102957 -0.515493
-0.772983 -0.325186
-0.561371 -0.095599
-0.357395 -0.398665
-0.291438 -0.507816
-0.258445 -0.157748
-0.204978 -0.268419
-0.088182 -0.137773
-0.104017 -0.499293
-0.290994 -0.648201
-0.447121 -0.369998
-0.583424 -0.262238
-0.247588 -0.445477
-0.090790 -0.343990
-0.917539 -0.126331
-0.285447 -0.234430
-0.418268 -0.513954
0.054486 -0.537872
-0.189875 -0.316727
-0.780148 -0.576798
-0.602379 -0.217779
0.249778 -0.412360
-0.483016 -0.031157
-0.207349 -0.265803
0.035739 -0.253352
-0.102557 -0.532214
-0.432912 -0.161842
-0.314170 -0.221251
-0.306214 -0.006188
0.262003 -0.392484
-0.372088 0.060600
-0.462702 0.005095
-0.418365 -0.157295
-0.130933 -0.645449
-0.179631 -0.121679
-0.023694 -0.394408
-0.253056 -0.282616
-0.106974 -0.249416
-0.070895 -0.359677
-0.363703 0.003062
-0.503613 -0.309995
-0.382856 -0.041205
-0.047382 -0.392867
-0.533612 -0.089781
-0.059573 -0.234869
-0.076988 -0.435438
0.112001 -0.379949
0.179848 -0.411830
-0.301286 -0.414115
-0.413823 -0.646082
-0.251036 -0.035063
-0.478448 -0.802828
-0.257668 -0.568307
-0.383014 -0.290839
-0.017240 -0.406847
0.132041 -0.518168
-0.466633 -0.305531
0.056779 -0.509536
-0.323728 -0.408308
-0.088915 -0.281426
-0.339869 -0.727336
-0.299633 -0.625569
-0.218979 -0.399726
-0.293912 -0.671526
0.054369 -0.426682
0.239917 -0.373110
-0.462252 -0.457453
-0.299056 -0.321172
-0.068286 -0.538278
-0.081946 -0.569777
-0.036978 -0.568654
0.245010 -0.478123
-0.501057 -0.470481
-0.162790 -0.554863
-0.349814 -0.547663
-0.390288 -0.806271
-0.150068 -0.261602
-0.519952 -0.277074
0.210965 -0.458925
-0.050417 -0.443403
-0.372238 -0.133573
-0.307049 -0.469600
-0.423412 -0.720409
-0.299909 -0.621484
-0.224982 -0.108950
-0.025626 -0.182849
-0.187294 -0.514330
-0.410929 -0.377197
-0.338256 -0.484520
-0.259881 -0.742065
-0.334461 -0.783551
0.037586 -0.603088
