0.149682 0.103956
0.260253 -0.340159
0.287397 -0.226574
-0.194002 0.115405
0.364669 -0.170571
0.402548 0.310823
0.305786 -0.147292
-0.112489 0.062947
0.417512 0.242519
0.199054 -0.012940
0.296559 -0.033161
0.455582 0.019941
0.168272 0.228612
-0.067861 -0.055646
-0.235170 0.321614
0.176918 0.210054
0.246766 0.419528
0.026123 0.215713
0.450150 0.085627
0.095830 0.431406
0.162755 0.316487
-0.071697 -0.123123
0.474241 0.214179
0.345399 0.073940
-0.042561 0.072241
-0.247315 0.048126
0.168607 -0.130590
0.488046 0.375200
-0.088787 0.323712
0.471920 0.298818
0.168352 0.028908
0.142950 -0.130261
0.156322 0.020366
-0.307845 0.086551
-0.017430 0.428181
0.301410 0.400759
0.477251 0.163921
0.187949 -0.296896
-0.355730 0.101612
0.419326 -0.017374
0.375096 -0.060454
0.448789 0.183022
-0.012480 0.170944
0.350922 0.363127
0.199308 0.131293
0.073643 0.248700
0.051560 0.052904
0.208165 0.232081
-0.026323 -0.088930
0.420205 0.360018
-0.065489 -0.056999
-0.340311 0.070437
0.098901 0.144588
0.482260 0.215613
0.263771 -0.227010
0.073333 0.057745
-0.055334 0.337019
0.488716 0.145526
0.190601 -0.083672
0.262795 0.331855
0.504514 0.263867
0.441528 0.344232
0.094454 0.144099
0.259874 -0.058137
0.174752 0.300009
0.196787 0.303810
0.316869 0.106114
0.480554 0.109343
0.291434 0.083418
0.123442 0.139842
0.268721 -0.316871
0.440968 0.317740
-0.190674 0.053030
-0.142250 -0.073320
0.288871 -0.037267
0.210971 0.196664
-0.247229 0.133555
-0.121784 0.367336
0.007913 0.049792
0.140611 0.107190
-0.019588 0.373424
0.305997 -0.299757
-0.263165 0.073471
0.466577 0.154123
0.009393 -0.115914
0.360394 -0.204177
0.253867 -0.198882
0.096664 0.401076
0.185570 0.258339
-0.170445 0.009128
0.347703 0.214117
-0.231972 0.164517
0.347009 -0.083901
0.224519 0.404462
0.304136 0.143913
-0.385824 0.181908
-0.044384 0.113338
0.246170 0.388585
0.406554 -0.051937
0.262296 -0.344654
-0.067523 -0.106059
0.357422 -0.135478
0.064085 0.173720
-0.362936 0.089290
0.488230 0.132461
-0.362802 0.243116
0.011771 -0.154690
0.353462 -0.207823
0.145787 0.082985
0.360942 -0.129700
0.133610 0.404530
0.270496 0.133743
0.341605 -0.246601
0.405253 0.116659
0.060966 0.157348
0.038913 -0.001899
0.409417 0.167420
0.165037 -0.023986
0.002323 0.155607
-0.208023 0.156631
-0.052161 0.003245
0.223245 -0.083541
0.308849 -0.307090
0.266235 -0.013244
-0.077087 0.111798
0.151555 0.191463
0.246526 -0.280101
0.245137 -0.329276
0.069414 0.212933
0.375820 0.260890
0.098492 0.095152
-0.055498 0.070929
0.164025 0.356937
