0.754267 -0.138715
0.653928 -0.131480
0.460897 -0.008795
0.615756 0.353613
0.480901 -0.488615
0.614664 -0.133010
0.751301 0.395682
0.586969 0.219247
0.794767 -0.050171
0.520425 0.451816
0.505606 0.208671
0.383080 0.317556
0.740959 -0.623453
0.710629 0.620557
0.787507 0.438966
0.484690 -0.230797
0.804874 -0.416663
0.506255 -0.519734
0.820047 -0.534010
0.727382 -0.425703
0.960775 -0.009062
0.817963 -0.223160
0.733691 0.339631
0.965783 0.095774
0.821442 0.308062
0.761695 -0.547302
0.666621 -0.593340
0.802167 -0.366771
0.628162 -0.210790
0.377108 -0.299432
0.648982 -0.559141
0.462252 -0.351827
0.583115 0.312166
0.833899 0.027750
0.450067 -0.214243
0.782197 0.277785
0.410161 0.417795
0.416634 0.436654
0.726518 0.516093
0.428524 -0.386363
0.946815 0.004401
0.760119 0.585262
0.622916 -0.666666
0.733808 -0.240442
0.746091 -0.201355
0.648155 0.311852
0.894246 0.311799
0.892309 0.348612
0.266924 -0.620678
0.760463 -0.272747
0.896585 0.388921
0.573567 -0.741031
0.852657 -0.103380
0.892694 -0.041946
0.764068 -0.191480
0.646520 0.397575
0.510907 -0.055021
0.646472 -0.032412
0.759686 -0.545244
0.448653 -0.275325
0.605870 0.486489
0.769216 0.609511
0.542213 0.039291
0.880773 0.019668
0.811390 0.294039
0.550491 -0.441592
0.697981 -0.438929
0.935747 -0.196436
0.563369 -0.417690
0.873086 0.275957
0.493481 0.455271
0.442149 -0.125720
0.622651 -0.339337
0.532477 0.069520
0.886016 0.439218
0.661998 -0.054716
0.476433 -0.047727
0.865868 0.040874
0.923803 0.382201
0.830857 -0.186987
0.422563 -0.240154
0.935657 -0.170793
0.543289 -0.334522
0.797801 0.085761
0.894857 0.058279
0.624331 0.557307
0.700660 0.196302
0.706262 0.007188
0.787434 -0.355094
0.718194 -0.079854
0.537492 -0.614988
0.761458 0.024537
0.638939 0.337450
0.678229 -0.088929
0.752570 -0.430387
0.549802 0.157125
0.888343 -0.435102
0.700357 -0.698436
0.511189 -0.850296
0.343725 -0.572219
0.868961 -0.386638
0.587730 0.214327
0.372951 -0.613407
0.618372 -0.670479
0.569956 -0.262237
0.679706 -0.435001
0.426262 -0.610128
0.394323 -0.617275
0.781029 -0.366702
0.841252 -0.226141
0.550575 -0.475660
0.584281 -0.525623
0.940053 0.037252
0.424004 -0.312884
0.805065 -0.024460
0.628829 -0.145070
0.758723 -0.199095
0.687143 -0.550722
0.931267 -0.146115
0.597777 -0.626236
0.923573 0.098486
0.885439 0.148856
0.525845 -0.064140
0.571757 -0.136329
0.748587 -0.208481
0.510293 -0.145267
0.921456 -0.262193
0.932857 0.060180
0.551533 -0.587025
0.345645 -0.433605
0.603493 -0.219219
0.728564 0.086842
0.582262 0.058163
0.671092 -0.146032
0.671363 -0.081583
0.521443 0.001346
0.462688 -0.207190
0.774241 0.150691
0.430080 -0.322822
0.749049 0.130530
0.649567 -0.154474
0.658935 0.149574
0.421333 -0.310015
0.637168 -0.514910
0.820696 0.006291
0.962911 0.061749
0.506999 -0.390031
0.784767 -0.106083
0.749421 -0.289568
0.503048 -0.499240
0.743288 0.035024
0.381210 -0.299387
0.869745 0.147770
0.521300 0.015272
0.614882 -0.327162
0.577032 -0.594668
0.844122 0.157890
0.821760 0.048893
0.943407 -0.001364
0.367190 -0.366092
