-0.875775 0.469198
-0.763591 0.074391
-0.742754 0.468886
-0.532841 0.406499
-0.747226 0.053552
-0.713786 0.508941
-0.625450 0.626983
-0.466042 0.332060
-0.691836 0.060937
-0.616755 0.129062
-0.518297 0.259338
-0.850909 0.215696
-0.754962 0.636372
-0.675051 0.224887
-0.945006 0.112119
-0.818359 0.355961
-0.706421 0.523393
-0.695186 0.017548
-0.839394 0.424376
-0.750482 0.240484
-0.703316 0.188401
-0.625342 0.415188
-0.589536 0.276927
-0.757937 0.524759
-0.679022 0.386012
-0.484547 0.232309
-0.597041 0.027160
-0.642440 0.222829
-0.666739 0.067893
-0.659282 0.482198
-0.784858 0.469162
-0.660792 0.022294
-0.680540 0.570409
-0.581770 0.483444
-0.620312 0.513457
-0.822105 0.473131
-0.690993 0.448993
-0.643746 0.048016
-0.590994 0.239996
-0.668570 0.284092
-0.831807 0.394282
-0.777969 0.194335
-0.959527 0.151534
-0.818556 0.211766
-0.601912 0.353897
-0.717876 0.270179
-0.612579 0.173868
-0.736621 0.285114
-0.716396 0.591914
-0.680962 0.342126
-0.871380 0.060766
-0.678313 0.710754
-0.814627 0.343901
-0.915543 0.222072
-0.792860 0.609380
-0.465705 0.116511
-0.689667 0.402305
-0.813651 0.518865
-0.564560 0.276544
-0.629437 0.636624
-0.734336 0.250817
-0.584964 0.259849
-0.640039 0.499009
-0.757599 0.029037
-0.850934 -0.030408
-0.576932 0.203480
-0.803775 0.131968
-0.444960 0.350950
-0.676771 0.423629
-0.558622 0.538379
-0.736117 0.360944
-0.580927 0.470791
-0.455478 0.113399
-0.742341 0.528572
-0.779124 0.620568
-0.559842 0.335474
-0.801169 0.493104
-0.888682 0.271510
-0.738992 0.220366
-0.667782 0.532887
-0.535830 0.150673
-0.813935 0.135446
-0.782313 0.590393
-0.814144 0.350568
-0.967341 0.035553
-0.982330 0.008143
-0.424347 0.149117
-0.901197 0.319308
-0.706970 0.461001
-0.745087 0.590137
-0.947222 -0.000148
-0.900626 0.112793
-0.768095 0.574423
-0.639229 0.250686
-0.632503 0.424411
-0.468503 0.132876
-0.761412 0.386654
-0.688176 0.488257
-0.622229 0.038866
-0.704454 0.465150
-0.802040 0.309376
