0.697923 0.453226
0.791771 0.302614
0.505332 0.178241
0.529706 0.679920
0.534062 0.722994
0.895296 0.281346
0.785770 0.494512
0.648758 0.528805
0.748904 0.558658
0.403996 0.341152
0.861342 0.455858
0.575401 0.384974
0.794537 0.408090
0.848527 0.320985
0.728031 0.446279
0.461894 0.230209
0.795888 0.567504
0.573925 0.317865
0.686998 0.493463
0.584035 0.197752
0.743472 0.562634
0.762014 0.251858
0.374945 0.417645
0.847752 0.430179
0.678735 0.321108
0.640952 0.348317
0.720016 0.615093
0.415121 0.372642
0.900372 0.342329
0.785956 0.304564
0.900979 0.319774
0.807542 0.369682
