0.214774 0.771341
0.240677 0.931405
0.447685 0.507683
0.644650 0.522884
0.399906 0.900613
0.481159 0.863307
0.676123 0.345865
0.053557 0.995958
0.280362 0.363273
0.151015 0.914001
0.287235 0.722024
0.308129 0.834375
0.386381 0.586749
0.355653 0.756657
0.191611 0.682920
0.604350 0.762490
0.084844 0.705598
0.177567 0.910370
0.330694 0.477275
0.377135 0.802564
0.057331 0.547074
0.514483 0.810922
-0.048722 0.882737
0.601260 0.729804
-0.006370 0.607153
0.037717 0.476936
0.050455 0.568879
0.050205 0.786206
0.331143 0.517650
0.139315 0.522040
0.046982 0.852166
0.247782 0.536216
0.096138 0.804323
0.115296 0.560815
0.056883 0.587064
-0.046998 0.722331
0.369591 0.651910
0.216690 0.754939
0.199331 0.631157
0.515311 0.550207
0.026063 0.878937
0.092940 0.575238
0.331063 0.600154
0.642211 0.751091
0.576450 0.667793
-0.052158 0.747961
-0.065738 0.692610
0.459337 0.441301
0.024530 0.784508
0.147076 0.719604
0.416383 0.872875
0.201318 0.450046
0.320757 0.426212
0.290094 0.775518
0.325962 0.845845
0.143092 0.566657
0.141680 0.927268
0.457253 0.433491
0.486491 0.566076
0.394177 0.653965
0.188102 0.906176
0.195466 0.692942
0.494034 0.766296
0.021977 0.756974
0.139974 0.723252
-0.035826 0.509957
0.387622 0.716672
0.047724 0.599772
0.190904 0.810514
-0.017451 0.674184
0.098691 0.772268
-0.033173 0.479659
0.202065 0.573681
0.026668 0.455385
0.220454 0.566030
0.167932 0.525008
0.320224 0.461282
-0.020725 0.499752
0.212901 0.478257
0.387641 0.837457
0.196100 0.727425
0.352655 0.573641
0.291333 0.648477
0.330970 0.570443
-0.030216 0.915940
0.225259 0.694862
0.250254 0.493664
-0.051414 0.819682
0.045585 0.483570
0.325978 0.619714
0.109721 0.784698
0.135272 0.601591
0.336670 0.602710
0.224120 0.973051
0.454802 0.795183
0.123851 0.910040
0.033886 0.901805
0.424230 0.777610
0.089144 0.748579
0.223929 0.961960
0.198172 0.829173
-0.035851 0.956056
0.472501 0.672111
0.071565 0.501926
0.291804 0.866601
-0.005044 0.927181
0.135364 0.624546
0.020127 0.665646
0.304012 0.854528
0.259199 0.573788
0.377277 0.832547
0.495241 0.768268
0.446359 0.819187
