-0.360600 0.809161
-0.101767 0.778228
-0.264170 0.358134
-0.435830 0.417561
-0.199687 0.782924
-0.714341 0.355133
-0.227058 0.445629
-0.326559 0.291286
-0.330266 0.604435
-0.506646 0.499984
-0.554572 0.552798
-0.399052 0.782491
-0.338735 0.364832
-0.127216 0.747363
-0.163747 0.538423
-0.109361 0.681981
-0.461955 0.546180
-0.299031 0.781912
-0.278385 0.830049
-0.488979 0.631428
-0.144085 0.662390
-0.472393 0.789432
-0.141503 0.457158
-0.143549 0.826974
-0.219988 0.829086
-0.193274 0.827062
-0.356933 0.790840
-0.365234 0.425435
-0.167661 0.960331
-0.078643 0.869007
-0.070094 0.873812
-0.509610 0.667556
-0.221794 0.380733
-0.306420 0.692755
-0.463001 0.849528
-0.253249 0.633669
-0.122728 0.578770
-0.217857 0.728169
-0.292928 0.383998
-0.207746 0.757915
-0.238138 0.861876
-0.457150 0.683199
-0.225164 0.391005
-0.338916 0.850197
-0.300311 0.882865
-0.150380 0.828527
-0.236005 0.900038
-0.535310 0.655411
-0.119905 0.883683
-0.144793 0.567565
-0.490328 0.809845
-0.327571 0.861986
-0.256821 0.367430
-0.114983 0.586702
-0.214373 0.957765
-0.128958 0.722827
-0.650998 0.690621
-0.137432 0.854259
-0.299458 0.406604
-0.161748 0.930367
-0.466511 0.846002
-0.250906 0.524435
-0.109832 0.814282
-0.364897 0.413197
-0.204626 0.651421
-0.411205 0.776373
-0.201185 0.603297
-0.262678 0.857581
-0.300947 0.556279
-0.116593 0.828026
-0.502864 0.860089
-0.294479 0.602485
-0.193782 0.900403
-0.308372 0.350628
-0.465298 0.708535
-0.421351 0.820652
-0.554266 0.749356
-0.123569 0.626249
-0.119508 0.530680
-0.268261 0.961524
-0.143198 0.609605
-0.105321 0.585493
-0.391110 0.464255
-0.162113 0.755602
-0.209307 0.810960
-0.601225 0.743480
-0.245241 0.660001
-0.364937 0.734847
-0.125844 0.535253
-0.139692 0.977419
-0.508663 0.764000
-0.421585 0.612291
-0.183955 0.414729
-0.593258 0.764514
-0.209284 0.421758
-0.444620 0.409211
-0.158740 0.704569
-0.257329 0.869020
-0.421227 0.343739
