0 5 1
0 6 4
0 7 7
0 8 8
0 9 10
1 6 2
1 7 5
1 8 5
1 9 11
2 0 1
2 2 15
2 3 15
2 4 15
2 5 16
2 6 17
2 7 20
2 8 20
2 9 24
3 3 16
3 4 16
3 5 18
3 6 19
3 7 22
3 8 22
3 9 26
4 1 1
4 3 1
4 4 24
4 5 24
4 6 25
4 7 27
4 8 27
4 9 28
5 0 1
5 1 1
5 2 1
5 3 2
5 4 2
5 5 82
5 6 82
5 7 86
5 8 86
5 9 90
6 0 4
6 1 3
6 2 2
6 4 3
6 5 2
6 6 202
6 7 204
6 8 206
6 9 210
7 0 4
7 1 6
7 2 5
7 3 4
7 4 3
7 5 8
7 6 9
7 7 465
7 8 465
7 9 472
8 0 5
8 1 6
8 2 5
8 3 4
8 4 3
8 5 8
8 6 12
8 7 1
8 8 490
8 9 493
9 0 7
9 1 12
9 2 9
9 3 8
9 4 4
9 5 12
9 6 14
9 7 11
9 8 5
9 9 816
