0 1 1
0 4 8
0 5 8
0 6 8
0 7 8
0 8 8
0 9 8
1 1 2
1 2 2
1 3 3
1 4 8
1 5 8
1 6 8
1 7 8
1 8 8
1 9 8
2 2 6
2 3 8
2 4 11
2 5 11
2 6 11
2 7 11
2 8 11
2 9 11
3 0 1
3 1 1
3 3 44
3 4 62
3 5 62
3 6 62
3 7 62
3 8 62
3 9 62
4 0 10
4 1 4
4 2 8
4 3 16
4 4 812
4 5 812
4 6 812
4 7 812
4 8 812
4 9 812
5 0 10
5 1 4
5 2 8
5 3 16
5 4 11
5 5 813
5 6 813
5 7 813
5 8 813
5 9 813
6 0 10
6 1 4
6 2 8
6 3 16
6 4 12
6 5 12
6 6 814
6 7 815
6 8 815
6 9 815
7 0 10
7 1 4
7 2 8
7 3 16
7 4 8
7 5 12
7 6 12
7 7 814
7 8 814
7 9 814
8 0 10
8 1 4
8 2 8
8 3 16
8 4 6
8 5 8
8 6 12
8 7 12
8 8 815
8 9 815
9 0 10
9 1 4
9 2 8
9 3 16
9 4 8
9 5 6
9 6 8
9 7 12
9 8 12
9 9 816
